2 0.78125 0.15384615384615385 0.053125 0.08974358974358974
2 0.84375 0.1858974358974359 0.03125 0.08333333333333333
2 0.79375 0.48717948717948717 0.103125 0.19230769230769232
2 0.7875 0.6666666666666666 0.071875 0.07051282051282051
2 0.771875 0.7756410256410257 0.0375 0.057692307692307696
2 0.80625 0.8653846153846154 0.021875 0.038461538461538464
2 0.840625 0.7948717948717948 0.025 0.07051282051282051
2 0.803125 0.9487179487179487 0.103125 0.10256410256410256
2 0.771875 0.3269230769230769 0.021875 0.10256410256410256
2 0.771875 0.04487179487179487 0.03125 0.038461538461538464
2 0.840625 0.019230769230769232 0.025 0.038461538461538464